1 2 2 3 2 2 1 0 34 1 0 34 1 0 34 1 0 34 1 0 34 1 0 34 1 0 34 1 0 34 1 0 34 1 0 34 1 0 34 1 0 34 1 0 34 1 0 34 1 0 34 1 0 34 1 0 34 1 0 34 1 0 34 1 0 34 1 0 34 1 0 34 1 0 34 1 0 34 1 0 34 1 0 34 1 0 34 1 0 34 1 0 34 1 0 34 1 0 34 1 0 34 1 0 34 1 0 34 1 0 34 1 0 34 1 0 34 1 0 34 1 0 34 1 0 34 1 0 34 1 0 34 1 0 34 1 0 34 1 0 34 1 0 34 1 0 34 1 0 34 1 0 34 1 0 34 
1 0 34 1 0 34 1 0 34 1 0 34 1 0 34 1 0 34 1 0 34 1 0 34 1 0 34 1 0 34 1 0 34 1 0 34 1 0 34 1 0 34 1 0 34 1 0 34 1 0 34 1 0 34 1 0 34 1 0 34 1 0 34 1 0 34 1 0 34 1 0 34 1 0 34 1 0 34 1 0 34 1 0 34 1 0 34 1 0 34 1 0 34 1 0 34 1 0 34 1 0 34 1 0 34 1 0 34 1 0 34 1 0 34 1 0 34 1 0 34 1 0 34 1 0 34 1 0 34 1 0 34 1 0 34 1 0 34 1 0 34 1 0 34 1 0 34 1 0 34 1 0 34 1 0 34 
1 0 34 1 0 34 1 0 34 1 0 34 1 0 34 1 0 34 1 0 34 1 0 34 1 0 34 1 0 34 1 0 34 1 0 34 1 0 34 1 0 34 1 0 34 1 0 34 1 0 34 1 0 34 1 0 34 1 0 34 1 0 34 1 0 34 1 0 34 1 0 34 1 0 34 1 0 34 1 0 34 1 0 34 1 0 34 1 0 34 1 0 34 1 0 34 1 0 34 1 0 34 1 0 34 1 0 34 1 0 34 1 0 34 1 0 34 1 0 34 1 0 34 1 0 34 1 0 34 1 0 34 1 0 34 1 0 34 1 0 34 1 0 34 1 0 34 1 0 34 1 0 34 1 0 34 
1 0 34 1 0 34 1 0 34 1 0 34 1 0 34 1 0 34 1 0 34 1 0 34 1 0 34 1 0 34 1 0 34 1 0 34 1 0 34 1 0 34 1 0 34 1 0 34 1 0 34 1 0 34 1 0 34 1 0 34 1 0 34 1 0 34 1 0 34 1 0 34 1 0 34 1 0 34 1 0 34 1 0 34 1 0 34 1 0 34 1 0 34 1 0 34 1 0 34 1 0 34 1 0 34 1 0 34 1 0 34 1 0 34 1 0 34 1 0 34 1 0 34 1 0 34 1 0 34 1 0 34 1 0 34 1 0 34 1 0 34 1 0 34 1 0 34 1 0 34 1 0 34 1 0 34 
1 0 34 1 0 34 1 0 34 1 0 34 1 0 34 1 0 34 1 0 34 1 0 34 1 0 34 1 0 34 1 0 34 1 0 34 1 0 34 1 0 34 1 0 34 1 0 34 1 0 34 1 0 34 1 0 34 1 0 34 1 0 34 1 0 34 1 0 34 1 0 34 1 0 34 1 0 34 1 0 34 1 0 34 1 0 34 1 0 34 1 0 34 1 0 34 1 0 34 1 0 34 1 0 34 1 0 34 1 0 34 1 0 34 1 0 34 1 0 34 1 0 34 1 0 34 1 0 34 1 0 34 1 0 34 1 0 34 1 0 34 1 0 34 1 0 34 1 0 34 1 0 34 1 0 34 
1 0 34 1 0 34 1 0 34 1 0 34 1 0 34 1 0 34 1 0 34 1 0 34 1 0 34 1 0 34 1 0 34 1 0 34 1 0 34 1 0 34 1 0 34 1 0 34 1 0 34 1 0 34 1 0 34 1 0 34 1 0 34 1 0 34 1 0 34 1 0 34 1 0 34 1 0 34 1 0 34 1 0 34 1 0 34 1 0 34 1 0 34 1 0 34 1 0 34 1 0 34 1 0 34 1 0 34 1 0 34 1 0 34 1 0 34 1 0 34 1 0 34 1 0 34 1 0 34 1 0 34 1 0 34 1 0 34 1 0 34 1 0 34 1 0 34 1 0 34 1 0 34 1 0 34 
1 0 34 1 0 34 1 0 34 1 0 34 1 0 34 1 0 34 1 0 34 1 0 34 1 0 34 1 0 34 1 0 34 1 0 34 1 0 34 1 0 34 1 0 34 1 0 34 1 0 34 1 0 34 1 0 34 1 0 34 1 0 34 1 0 34 1 0 34 1 0 34 1 0 34 1 0 34 1 0 34 1 0 34 1 0 34 1 0 34 1 0 34 1 0 34 1 0 34 1 0 34 1 0 34 1 0 34 1 0 34 1 0 34 1 0 34 1 0 34 1 0 34 1 0 34 1 0 34 1 0 34 1 0 34 1 0 34 1 0 34 1 0 34 1 0 34 1 0 34 1 0 34 1 0 34 
1 0 34 1 0 34 1 0 34 1 0 34 1 0 34 1 0 34 1 0 34 1 0 34 1 0 34 1 0 34 1 0 34 1 0 34 1 0 34 1 0 34 1 0 34 1 0 34 1 0 34 1 0 34 1 0 34 1 0 34 1 0 34 1 0 34 1 0 34 1 0 34 1 0 34 1 0 34 1 0 34 1 0 34 1 0 34 1 0 34 1 0 34 1 0 34 1 0 34 1 0 34 1 0 34 1 0 34 1 0 34 1 0 34 1 0 34 1 0 34 1 0 34 1 0 34 1 0 34 1 0 34 1 0 34 1 0 34 1 0 34 1 0 34 1 0 34 1 0 34 1 0 34 1 0 34 
1 0 34 1 0 34 1 0 34 1 0 34 1 0 34 1 0 34 1 0 34 1 0 34 1 0 34 1 0 34 1 0 34 1 0 34 1 0 34 1 0 34 1 0 34 1 0 34 1 0 34 1 0 34 1 0 34 1 0 34 1 0 34 1 0 34 1 0 34 1 0 34 1 0 34 1 0 34 1 0 34 1 0 34 1 0 34 1 0 34 1 0 34 1 0 34 1 0 34 1 0 34 1 0 34 1 0 34 1 0 34 1 0 34 1 0 34 1 0 34 1 0 34 1 0 34 1 0 34 1 0 34 1 0 34 1 0 34 1 0 34 1 0 34 1 0 34 1 0 34 1 0 34 1 0 34 
1 0 34 1 0 34 1 0 34 1 0 34 1 0 34 1 0 34 1 0 34 1 0 34 1 0 34 1 0 34 1 0 34 1 0 34 1 0 34 1 0 34 1 0 34 1 0 34 1 0 34 1 0 34 1 0 34 1 0 34 1 0 34 1 0 34 1 0 34 1 0 34 1 0 34 1 0 34 1 0 34 1 0 34 1 0 34 1 0 34 1 0 34 1 0 34 1 0 34 1 0 34 1 0 34 1 0 34 1 0 34 1 0 34 1 0 34 1 0 34 1 0 34 1 0 34 1 0 34 1 0 34 1 0 34 1 0 34 1 0 34 1 0 34 1 0 34 1 0 34 1 0 34 1 0 34 
1 0 34 1 0 34 1 0 34 1 0 34 1 0 34 1 0 34 1 0 34 1 0 34 1 0 34 1 0 34 1 0 34 1 0 34 1 0 34 1 0 34 1 0 34 1 0 34 1 0 34 1 0 34 1 0 34 1 0 34 1 0 34 1 0 34 1 0 34 1 0 34 1 0 34 1 0 34 1 0 34 1 0 34 1 0 34 1 0 34 1 0 34 1 0 34 1 0 34 1 0 34 1 0 34 1 0 34 1 0 34 1 0 34 1 0 34 1 0 34 1 0 34 1 0 34 1 0 34 1 0 34 1 0 34 1 0 34 1 0 34 1 0 34 1 0 34 1 0 34 1 0 34 1 0 34 
1 0 34 1 0 34 1 0 34 1 0 34 1 0 34 1 0 34 1 0 34 1 0 34 1 0 34 1 0 34 1 0 34 1 0 34 1 0 34 1 0 34 1 0 34 1 0 34 1 0 34 1 0 34 1 0 34 1 0 34 1 0 34 1 0 34 1 0 34 1 0 34 1 0 34 1 0 34 1 0 34 1 0 34 1 0 34 1 0 34 1 0 34 1 0 34 1 0 34 1 0 34 1 0 34 1 0 34 1 0 34 1 0 34 1 0 34 1 0 34 1 0 34 1 0 34 1 0 34 1 0 34 1 0 34 1 0 34 1 0 34 1 0 34 1 0 34 1 0 34 1 0 34 1 0 34 
1 0 34 1 0 34 1 0 34 1 0 34 1 0 34 1 0 34 1 0 34 1 0 34 1 0 34 1 0 34 1 0 34 1 0 34 1 0 34 1 0 34 1 0 34 1 0 34 1 0 34 1 0 34 1 0 34 1 0 34 1 0 34 1 0 34 1 0 34 1 0 34 1 0 34 1 0 34 1 0 34 1 0 34 1 0 34 1 0 34 1 0 34 1 0 34 1 0 34 1 0 34 1 0 34 1 0 34 1 0 34 1 0 34 1 0 34 1 0 34 1 0 34 1 0 34 1 0 34 1 0 34 1 0 34 1 0 34 1 0 34 1 0 34 1 0 34 1 0 34 1 0 34 1 0 34 
1 0 34 1 0 34 1 0 34 1 0 34 1 0 34 1 0 34 1 0 34 1 0 34 1 0 34 1 0 34 1 0 34 1 0 34 1 0 34 1 0 34 1 0 34 1 0 34 1 0 34 1 0 34 1 0 34 1 0 34 1 0 34 1 0 34 1 0 34 1 0 34 1 0 34 1 0 34 1 0 34 1 0 34 1 0 34 1 0 34 1 0 34 1 0 34 1 0 34 1 0 34 1 0 34 1 0 34 1 0 34 1 0 34 1 0 34 1 0 34 1 0 34 1 0 34 1 0 34 1 0 34 1 0 34 1 0 34 1 0 34 1 0 34 1 0 34 1 0 34 1 0 34 1 0 34 
1 0 34 1 0 34 1 0 34 1 0 34 1 0 34 1 0 34 1 0 34 1 0 34 1 0 34 1 0 34 1 0 34 1 0 34 1 0 34 1 0 34 1 0 34 1 0 34 1 0 34 1 0 34 1 0 34 1 0 34 1 0 34 1 0 34 1 0 34 1 0 34 1 0 34 1 0 34 1 0 34 1 0 34 1 0 34 1 0 34 1 0 34 1 0 34 1 0 34 1 0 34 1 0 34 1 0 34 1 0 34 1 0 34 1 0 34 1 0 34 1 0 34 1 0 34 1 0 34 1 0 34 1 0 34 1 0 34 1 0 34 1 0 34 1 0 34 1 0 34 1 0 34 1 0 34 
1 0 34 1 0 34 1 0 34 1 0 34 1 0 34 1 0 34 1 0 34 1 0 34 1 0 34 1 0 34 1 0 34 1 0 34 1 0 34 1 0 34 1 0 34 1 0 34 1 0 34 1 0 34 1 0 34 1 0 34 1 0 34 1 0 34 1 0 34 1 0 34 1 0 34 1 0 34 1 0 34 1 0 34 1 0 34 1 0 34 1 0 34 1 0 34 1 0 34 1 0 34 1 0 34 1 0 34 1 0 34 1 0 34 1 0 34 1 0 34 1 0 34 1 0 34 1 0 34 1 0 34 1 0 34 1 0 34 1 0 34 1 0 34 1 0 34 1 0 34 1 0 34 1 0 34 
1 0 34 1 0 34 1 0 34 1 0 34 1 0 34 1 0 34 1 0 34 1 0 34 1 0 34 1 0 34 1 0 34 1 0 34 1 0 34 1 0 34 1 0 34 1 0 34 1 0 34 1 0 34 1 0 34 1 0 34 1 0 34 1 0 34 1 0 34 1 0 34 1 0 34 1 0 34 1 0 34 1 0 34 1 0 34 1 0 34 1 0 34 1 0 34 1 0 34 1 0 34 1 0 34 1 0 34 1 0 34 1 0 34 1 0 34 1 0 34 1 0 34 1 0 34 1 0 34 1 0 34 1 0 34 1 0 34 1 0 34 1 0 34 1 0 34 1 0 34 1 0 34 1 0 34 
1 0 34 1 0 34 1 0 34 1 0 34 1 0 34 1 0 34 1 0 34 1 0 34 1 0 34 1 0 34 1 0 34 1 0 34 1 0 34 1 0 34 1 0 34 1 0 34 1 0 34 1 0 34 1 0 34 1 0 34 1 0 34 1 0 34 1 0 34 1 0 34 1 0 34 1 0 34 1 0 34 1 0 34 1 0 34 1 0 34 1 0 34 1 0 34 1 0 34 1 0 34 1 0 34 1 0 34 1 0 34 1 0 34 1 0 34 1 0 34 1 0 34 1 0 34 1 0 34 1 0 34 1 0 34 1 0 34 1 0 34 1 0 34 1 0 34 1 0 34 1 0 34 1 0 34 
1 0 34 1 0 34 1 0 34 1 0 34 1 0 34 1 0 34 1 0 34 1 0 34 1 0 34 1 0 34 1 0 34 1 0 34 1 0 34 1 0 34 1 0 34 1 0 34 1 0 34 1 0 34 1 0 34 1 0 34 1 0 34 1 0 34 1 0 34 1 0 34 1 0 34 1 0 34 1 0 34 1 0 34 1 0 34 1 0 34 1 0 34 1 0 34 1 0 34 1 0 34 1 0 34 1 0 34 1 0 34 1 0 34 1 0 34 1 0 34 1 0 34 1 0 34 1 0 34 1 0 34 1 0 34 1 0 34 1 0 34 1 0 34 1 0 34 1 0 34 1 0 34 1 0 34 
1 0 34 1 0 34 1 0 34 1 0 34 1 0 34 1 0 34 1 0 34 1 0 34 1 0 34 1 0 34 1 0 34 1 0 34 1 0 34 1 0 34 1 0 34 1 0 34 1 0 34 1 0 34 1 0 34 1 0 34 1 0 34 1 0 34 1 0 34 1 0 34 1 0 34 1 0 34 1 0 34 1 0 34 1 0 34 1 0 34 1 0 34 1 0 34 1 0 34 1 0 34 1 0 34 1 0 34 1 0 34 1 0 34 1 0 34 1 0 34 1 0 34 1 0 34 1 0 34 1 0 34 1 0 34 1 0 34 1 0 34 1 0 34 1 0 34 1 0 34 1 0 34 1 0 34 
1 0 34 1 0 34 1 0 34 1 0 34 1 0 34 1 0 34 1 0 34 1 0 34 1 0 34 1 0 34 1 0 34 1 0 34 1 0 34 1 0 34 1 0 34 1 0 34 1 0 34 1 0 34 1 0 34 1 0 34 1 0 34 1 0 34 1 0 34 1 0 34 1 0 34 1 0 34 1 0 34 1 0 34 1 0 34 1 0 34 1 0 34 1 0 34 1 0 34 1 0 34 1 0 34 1 0 34 1 0 34 1 0 34 1 0 34 1 0 34 1 0 34 1 0 34 1 0 34 1 0 34 1 0 34 1 0 34 1 0 34 1 0 34 1 0 34 1 0 34 1 0 34 1 0 34 
1 0 34 1 0 34 1 0 34 1 0 34 1 0 34 1 0 34 1 0 34 1 0 34 1 0 34 1 0 34 1 0 34 1 0 34 1 0 34 1 0 34 1 0 34 1 0 34 1 0 34 1 0 34 1 0 34 1 0 34 1 0 34 1 0 34 1 0 34 1 0 34 1 0 34 1 0 34 1 0 34 1 0 34 1 0 34 1 0 34 1 0 34 1 0 34 1 0 34 1 0 34 1 0 34 1 0 34 1 0 34 1 0 34 1 0 34 1 0 34 1 0 34 1 0 34 1 0 34 1 0 34 1 0 34 1 0 34 1 0 34 1 0 34 1 0 34 1 0 34 1 0 34 1 0 34 
1 0 34 1 0 34 1 0 34 1 0 34 1 0 34 1 0 34 1 0 34 1 0 34 1 0 34 1 0 34 1 0 34 1 0 34 1 0 34 1 0 34 1 0 34 1 0 34 1 0 34 1 0 34 1 0 34 1 0 34 1 0 34 1 0 34 1 0 34 1 0 34 1 0 34 1 0 34 1 0 34 1 0 34 1 0 34 1 0 34 1 0 34 1 0 34 1 0 34 1 0 34 1 0 34 1 0 34 1 0 34 1 0 34 1 0 34 1 0 34 1 0 34 1 0 34 1 0 34 1 0 34 1 0 34 1 0 34 1 0 34 1 0 34 1 0 34 1 0 34 1 0 34 1 0 34 
1 0 34 1 0 34 1 0 34 1 0 34 1 0 34 1 0 34 1 0 34 1 0 34 1 0 34 1 0 34 1 0 34 1 0 34 1 0 34 1 0 34 1 0 34 1 0 34 1 0 34 1 0 34 1 0 34 1 0 34 1 0 34 1 0 34 1 0 34 1 0 34 1 0 34 1 0 34 1 0 34 1 0 34 1 0 34 1 0 34 1 0 34 1 0 34 1 0 34 1 0 34 1 0 34 1 0 34 1 0 34 1 0 34 1 0 34 1 0 34 1 0 34 1 0 34 1 0 34 1 0 34 1 0 34 1 0 34 1 0 34 1 0 34 1 0 34 1 0 34 1 0 34 1 0 34 
1 0 34 1 0 34 1 0 34 1 0 34 1 0 34 1 0 34 1 0 34 1 0 34 1 0 34 1 0 34 1 0 34 1 0 34 1 0 34 1 0 34 1 0 34 1 0 34 1 0 34 1 0 34 1 0 34 1 0 34 1 0 34 1 0 34 1 0 34 1 0 34 1 0 34 1 0 34 1 0 34 1 0 34 1 0 34 1 0 34 1 0 34 1 0 34 1 0 34 1 0 34 1 0 34 1 0 34 1 0 34 1 0 34 1 0 34 1 0 34 1 0 34 1 0 34 1 0 34 1 0 34 1 0 34 1 0 34 1 0 34 1 0 34 1 0 34 1 0 34 1 0 34 1 0 34 
1 0 34 1 0 34 1 0 34 1 0 34 1 0 34 1 0 34 1 0 34 1 0 34 1 0 34 1 0 34 1 0 34 1 0 34 1 0 34 1 0 34 1 0 34 1 0 34 1 0 34 1 0 34 1 0 34 1 0 34 1 0 34 1 0 34 1 0 34 1 0 34 1 0 34 1 0 34 1 0 34 1 0 34 1 0 34 1 0 34 1 0 34 1 0 34 1 0 34 1 0 34 1 0 34 1 0 34 1 0 34 1 0 34 1 0 34 1 0 34 1 0 34 1 0 34 1 0 34 1 0 34 1 0 34 1 0 34 1 0 34 1 0 34 1 0 34 1 0 34 1 0 34 1 0 34 
